housing_loan,personal_loan,Term_deposit,age,balance
0,0,0,30,1787
1,0,0,35,1350
1,1,0,30,1476
1,0,0,59,0
0,0,0,35,747
1,0,0,36,307
1,0,0,39,147
1,0,0,41,221
1,1,0,43,-88
1,0,0,43,264
0,0,0,36,1109
0,0,1,20,502
1,1,0,31,360
0,1,0,40,194
1,0,0,25,-221
0,0,0,31,132
1,0,0,38,0
0,0,0,42,16
0,0,0,44,106
0,0,0,44,93
0,0,0,26,543
1,0,0,55,627
0,0,0,67,696
0,1,0,56,784
0,1,0,53,105
0,0,0,31,171
0,0,0,59,42
0,0,1,49,1235
0,0,1,78,229
1,0,0,23,363
0,0,0,36,553
1,0,0,52,1117
1,0,0,32,396
1,0,0,34,872
0,0,0,55,145
1,0,0,26,0
1,1,0,32,-849
0,0,1,45,844
1,0,0,37,228
0,0,0,38,50
1,0,1,34,1539
0,1,0,57,82
1,1,0,36,101
1,1,0,54,784
0,1,0,41,-516
1,0,0,63,415
0,0,0,48,1355
1,0,0,51,203
1,0,0,31,338
1,0,0,29,444
0,1,0,41,0
0,0,0,32,360
0,0,1,37,0
1,0,0,42,2
1,0,0,41,412
1,0,0,56,344
1,0,0,41,174
0,1,0,40,591
0,0,0,50,388
1,0,0,40,219
1,0,1,27,451
0,0,0,60,5
1,1,0,28,177
0,0,1,52,657
0,0,1,37,1315
1,0,0,51,1466
0,1,0,41,879
1,0,0,35,293
1,0,0,38,424
0,0,0,39,111
1,0,0,34,455
1,0,1,27,-195
0,0,0,41,1567
0,0,0,30,261
0,0,1,31,406
1,0,0,36,0
1,0,0,38,493
0,0,0,34,524
1,0,0,32,574
1,1,0,37,427
1,0,0,33,483
1,0,0,27,0
1,0,0,58,1517
1,1,0,32,217
0,0,0,33,22
0,0,1,25,331
0,1,1,25,505
0,0,0,39,52
0,0,0,46,25
0,0,0,45,419
0,1,0,36,-231
1,0,0,51,-55
0,0,1,34,462
0,0,0,24,119
0,1,0,45,586
0,0,0,32,228
1,0,0,41,168
1,0,0,37,0
1,0,0,43,-715
1,0,0,48,0
1,0,0,27,769
0,0,0,33,0
1,1,0,29,428
0,0,0,34,0
1,0,1,52,-970
0,0,0,32,948
1,0,0,32,0
1,0,0,31,874
1,1,0,42,323
0,1,0,35,106
1,0,0,48,1152
1,0,0,46,179
1,0,0,37,391
1,0,0,41,89
1,1,0,36,442
1,1,0,45,-249
0,0,0,39,501
0,0,0,35,308
0,0,1,55,602
1,0,0,55,273
0,0,0,27,50
1,0,0,34,1641
0,0,0,34,20
0,1,0,41,-256
1,1,0,43,978
0,0,1,28,80
0,0,0,78,499
1,0,0,45,1269
0,0,0,48,310
1,1,0,32,1143
0,0,0,37,37
1,1,0,40,462
1,0,0,32,1031
1,1,0,43,-465
1,0,0,37,176
0,0,0,37,1699
1,0,0,37,0
1,1,0,28,172
0,1,0,32,0
0,0,0,40,6
1,0,0,34,-62
1,0,0,34,899
1,0,0,37,21
1,0,0,36,23
1,1,0,49,0
1,0,0,33,215
0,0,0,30,1372
1,0,0,57,39
0,1,0,38,1
0,0,0,42,782
1,0,0,34,992
0,0,0,48,1526
1,0,0,39,1315
0,0,1,29,455
1,0,0,45,0
1,0,0,29,1599
1,0,0,38,-196
0,0,0,56,1333
1,0,0,25,-350
1,0,0,38,432
0,0,0,31,-253
1,0,1,42,372
0,0,0,45,1410
1,0,0,30,975
1,1,0,49,305
0,0,0,49,400
1,0,0,53,-22
0,0,0,49,365
0,0,0,41,204
1,0,0,54,1691
1,0,0,32,406
0,0,0,33,-204
1,0,0,33,359
1,0,0,36,123
1,1,0,35,0
0,0,0,52,142
1,0,0,44,33
1,0,0,45,0
0,0,0,48,20
1,0,0,57,206
1,0,0,51,1634
1,0,0,34,1
1,1,0,27,-247
1,0,0,50,606
1,0,0,36,0
1,0,0,42,-189
0,0,0,32,0
1,0,0,42,484
0,1,0,43,0
1,0,0,31,395
0,1,0,55,410
0,0,0,46,222
1,1,0,55,989
0,1,0,34,415
0,0,0,28,16
0,1,1,29,482
1,1,0,54,209
0,0,0,32,0
0,1,0,53,624
0,0,0,58,883
1,1,0,40,1516
1,0,0,29,872
1,1,0,33,-988
1,0,0,38,902
0,0,0,56,1007
1,0,0,40,0
1,1,1,24,174
1,0,0,35,524
1,0,0,35,0
1,0,0,34,4
0,0,0,38,0
1,0,0,51,37
0,0,0,59,593
1,0,0,32,1148
0,0,0,42,63
0,0,0,40,260
1,0,0,47,1060
1,0,0,27,-220
1,0,0,41,49
0,1,1,34,69
1,0,0,47,480
1,1,0,53,0
1,0,1,49,-701
0,0,0,29,451
1,0,1,45,-311
1,1,1,38,593
1,0,1,32,759
1,0,0,56,345
1,0,0,35,1287
0,1,0,56,353
0,1,0,56,205
1,0,1,49,687
1,1,0,38,1147
0,0,0,38,605
0,0,0,55,559
1,0,0,43,2
0,1,0,43,2
1,0,1,25,760
1,0,0,30,1317
0,0,0,46,182
0,1,0,50,276
0,0,0,26,1064
0,0,0,45,1783
0,0,0,37,-67
0,1,0,60,179
0,0,1,38,1199
1,1,0,47,214
0,1,0,51,1760
1,0,1,35,145
0,0,1,35,978
1,0,0,48,1150
0,0,0,37,121
1,0,0,29,828
1,0,0,34,244
1,0,1,32,228
0,0,1,30,424
0,1,0,47,447
0,0,0,33,-195
1,0,0,33,1410
0,0,0,63,1084
1,1,0,41,832
0,0,0,56,478
0,1,0,60,0
1,0,0,37,504
1,1,0,36,219
0,0,0,57,1602
1,1,0,44,0
1,0,0,31,1660
1,0,0,35,32
0,1,0,39,278
0,0,0,50,4
1,0,0,29,318
1,0,0,30,209
1,0,0,46,271
0,0,0,36,339
1,1,0,42,0
1,0,0,50,395
0,0,0,23,780
1,0,0,38,0
1,0,0,30,946
0,0,0,58,497
0,0,0,60,55
0,0,0,38,-140
1,0,0,51,-379
1,0,0,42,-396
1,0,0,30,0
1,0,0,40,733
1,0,1,37,393
1,0,0,27,468
1,0,0,39,0
1,0,0,37,1328
1,0,0,41,8
0,0,0,45,61
1,0,0,48,302
0,0,0,32,1005
1,0,0,35,109
1,0,0,33,1240
1,1,0,28,0
0,0,0,35,0
1,0,0,33,43
1,0,0,41,288
1,0,0,34,613
1,1,0,38,168
0,1,1,28,517
0,0,0,27,148
0,1,0,48,-285
0,0,0,50,887
1,0,0,41,744
0,0,0,39,130
1,0,0,44,438
0,0,1,54,0
0,0,0,49,322
0,0,0,34,186
0,0,0,42,0
0,0,1,49,755
0,0,0,45,999
1,1,0,39,167
1,1,0,46,1322
1,0,0,42,1076
1,0,0,37,502
1,0,0,26,1216
1,0,0,37,876
1,0,0,36,342
1,0,0,29,950
1,1,0,36,973
1,0,0,40,542
0,0,0,53,995
1,0,0,29,20
1,0,0,34,228
0,0,0,43,130
0,1,0,56,217
0,0,0,55,0
1,0,0,31,259
1,0,0,27,619
1,0,0,36,644
1,0,0,44,22
1,0,0,30,239
0,0,0,42,275
1,0,1,30,1221
0,0,0,62,816
1,0,0,24,1222
0,0,0,47,2
1,0,0,39,2
1,0,0,35,-402
1,1,0,27,1577
1,0,0,32,34
0,0,0,44,795
1,0,0,42,117
0,1,0,25,402
0,0,0,40,641
0,0,0,43,36
0,0,0,55,383
1,0,0,50,283
0,0,0,45,0
1,0,1,32,889
0,0,0,59,0
1,0,0,34,-370
1,0,0,39,-606
1,0,0,36,1313
1,0,0,55,-196
1,0,0,38,15
1,0,0,41,666
1,0,0,57,452
1,0,0,48,149
1,0,0,35,1453
1,0,0,54,1480
1,0,0,37,715
1,0,0,56,237
1,0,0,40,694
0,0,0,40,0
1,0,0,54,55
1,0,0,55,136
1,0,0,55,-404
1,0,0,52,779
1,0,0,55,1187
1,0,0,33,641
1,0,0,52,826
1,0,0,33,991
0,0,1,53,1796
0,0,1,46,22
1,0,1,44,244
1,0,0,48,1328
0,1,0,38,258
1,0,0,42,515
1,1,0,58,2
0,0,0,31,13
0,0,1,19,103
1,0,0,31,296
0,1,0,52,217
1,0,0,42,360
1,0,0,41,428
0,0,1,30,315
1,1,0,38,121
1,0,0,32,820
1,0,1,52,195
1,0,0,48,108
1,0,0,36,-381
0,0,0,45,757
1,1,0,34,691
1,0,0,34,902
0,0,0,54,0
0,0,0,50,665
1,0,0,43,738
0,0,0,47,233
1,0,0,45,-839
1,0,0,27,1033
0,0,0,49,66
1,0,0,40,1584
1,0,0,32,182
1,0,0,58,76
1,0,0,34,663
0,0,0,29,15
0,0,0,52,1054
0,0,0,45,1529
0,0,0,26,63
0,0,0,40,0
1,1,0,41,920
0,0,0,27,59
1,0,0,27,0
1,0,0,48,157
1,0,0,35,0
0,0,0,47,2
0,0,0,54,0
1,0,0,28,378
0,0,0,54,211
1,0,0,34,-228
1,0,0,37,1314
0,0,1,43,1304
0,1,1,41,720
1,0,0,34,1464
1,0,0,36,-302
1,0,0,35,-339
1,1,0,40,56
0,0,0,26,211
0,0,0,59,0
0,0,0,28,459
1,0,0,46,242
0,0,0,50,1138
1,0,0,53,1319
0,0,0,81,1
1,0,0,35,67
0,0,0,58,937
1,1,0,44,0
1,0,0,38,-558
0,0,0,49,171
0,1,0,33,696
1,1,0,29,361
0,0,1,28,227
1,1,0,31,236
0,0,0,33,-53
1,0,0,52,192
1,0,0,43,38
1,0,0,32,518
1,1,0,36,16
1,0,0,41,-256
0,1,0,43,105
0,0,0,45,334
0,1,0,39,1048
1,1,0,41,108
0,0,0,31,660
1,0,0,37,0
0,0,0,28,1034
1,0,0,47,201
0,0,0,37,189
1,0,0,60,-49
1,0,0,43,1413
1,1,0,58,264
1,1,0,52,54
1,0,0,42,0
1,1,0,31,88
1,0,0,28,1020
0,0,0,36,119
0,0,0,51,1594
1,1,0,46,342
0,0,0,50,72
1,0,0,32,14
0,0,0,26,81
0,0,1,41,231
1,0,0,39,1161
1,0,0,31,-45
1,1,0,28,231
0,0,0,31,36
1,0,0,30,1570
1,0,0,32,-84
0,0,0,40,1509
0,0,0,31,1134
1,1,0,36,146
1,1,0,57,374
0,0,0,45,88
1,1,1,30,2
1,0,0,52,289
0,0,0,83,0
0,0,1,58,1382
0,1,0,33,280
0,0,0,31,33
0,1,0,35,275
1,0,1,27,703
0,0,0,57,887
0,0,0,56,0
1,0,0,53,1178
1,1,0,32,890
0,0,1,46,548
0,0,0,56,272
1,0,0,29,178
1,1,0,60,252
0,0,0,27,81
1,0,0,50,59
0,1,0,45,1343
0,0,0,58,225
1,0,0,59,0
0,0,0,64,43
0,0,0,47,57
1,0,0,40,-117
1,1,0,36,666
1,0,1,28,0
1,0,1,38,25
1,0,0,53,1034
1,0,0,46,324
0,0,0,54,0
0,0,0,32,0
0,1,0,55,621
0,0,0,55,138
1,0,0,44,310
1,0,0,32,73
0,0,0,41,1281
1,0,0,37,64
1,0,0,58,2
0,1,0,52,60
0,0,0,49,133
0,0,0,28,174
0,1,0,31,251
1,0,0,30,985
0,0,1,28,168
1,0,0,46,1550
1,0,0,35,-12
1,1,0,30,60
0,1,0,22,1161
1,0,0,33,599
0,0,0,53,28
0,0,0,49,1430
0,1,0,51,35
1,0,0,34,0
0,1,0,36,340
0,0,0,35,0
1,0,0,29,3
1,0,0,40,445
0,0,1,32,874
0,0,0,48,705
0,0,1,59,1033
1,0,1,35,1354
0,0,0,33,123
1,0,0,41,429
0,0,0,46,67
0,0,0,35,39
0,0,0,28,102
0,0,0,25,1790
0,0,0,30,-635
0,0,0,45,115
1,0,0,40,498
1,1,0,39,1045
0,0,0,48,810
1,0,0,31,-162
0,0,0,32,55
1,1,0,34,586
0,0,0,26,455
1,0,0,31,1010
1,0,0,37,509
1,0,0,47,153
1,0,0,38,1146
0,1,0,48,1092
1,0,0,33,1158
1,0,0,28,26
0,0,0,30,566
0,0,0,52,204
0,0,1,36,480
0,0,0,46,1034
0,0,1,28,1633
1,0,0,46,0
0,1,0,53,66
1,1,0,41,-41
1,0,0,60,322
1,0,0,43,49
0,0,0,57,1
1,0,0,31,352
0,0,0,53,65
1,0,0,32,739
1,1,1,48,1167
1,0,0,50,231
1,0,0,40,1136
0,0,0,42,233
0,0,0,59,817
1,0,0,27,1128
1,0,0,35,450
1,0,0,28,0
0,0,0,37,414
1,0,0,57,1052
1,0,0,42,1022
1,0,0,55,343
1,1,0,26,-32
1,0,0,52,1781
0,0,0,26,350
1,0,0,33,2
1,1,0,24,111
1,0,0,37,168
0,0,0,28,3
1,0,0,30,102
1,0,0,33,0
0,0,0,55,159
1,0,0,33,1134
1,0,0,42,352
1,0,0,37,865
1,0,0,59,179
1,0,0,27,5
1,0,0,23,-230
0,0,0,51,0
1,0,0,43,764
1,0,0,37,511
0,0,0,26,279
0,0,0,49,1405
1,0,1,29,908
1,0,0,30,162
0,0,0,38,792
0,0,0,58,111
0,0,0,34,1281
1,0,0,53,1012
1,0,0,30,445
1,0,0,40,643
0,0,0,57,254
1,0,0,53,629
1,1,0,48,-202
1,0,0,32,271
1,0,1,34,703
1,0,0,46,-216
0,1,0,45,88
1,0,0,51,16
1,0,0,31,466
1,0,0,47,-75
0,0,0,32,456
1,0,0,41,77
0,0,0,37,-244
0,0,0,27,1209
1,0,0,27,58
0,0,0,50,421
1,0,0,31,112
1,0,1,43,1429
0,0,0,39,794
1,0,0,48,454
0,1,0,32,882
1,0,0,47,168
1,0,0,35,714
0,0,0,42,0
0,0,0,59,163
0,0,0,50,1772
0,0,0,27,-151
0,0,0,55,16
0,0,0,31,454
1,0,0,28,-298
0,0,0,42,439
1,1,0,59,671
1,0,0,40,65
1,0,0,43,-932
1,0,0,54,0
0,0,1,55,976
0,0,0,33,148
0,0,0,46,5
0,0,0,36,-148
0,1,0,48,113
1,0,0,42,-105
0,0,1,46,624
0,0,0,36,-461
1,1,0,34,144
1,1,0,51,4
0,0,0,58,309
0,0,0,48,866
1,0,1,41,1020
1,0,0,49,489
0,1,0,32,-255
1,0,0,33,636
1,0,0,35,141
1,1,0,56,150
0,1,0,57,839
1,0,0,33,716
0,0,0,33,595
0,1,0,31,203
1,1,0,28,183
0,0,1,26,255
1,0,0,31,102
1,0,0,50,94
1,0,0,45,58
0,0,0,48,606
0,1,0,41,0
1,0,1,60,65
1,0,0,41,338
1,0,0,43,757
0,1,0,40,1206
0,1,0,28,882
1,0,0,49,61
1,0,0,37,0
1,0,0,31,1407
0,0,0,31,25
1,1,0,31,1354
1,0,0,35,793
1,0,0,30,3
0,1,0,58,409
1,0,0,34,35
0,0,0,45,-459
0,0,1,28,198
1,0,0,31,99
0,0,0,40,60
1,1,0,34,-139
0,1,0,40,952
0,0,0,59,1427
1,0,0,43,1017
0,0,0,41,-29
0,0,0,33,9
0,0,0,36,13
0,0,0,32,1259
1,0,0,25,18
1,0,0,25,-76
0,0,0,38,221
1,0,0,34,136
1,0,0,32,-63
1,0,0,33,511
1,0,0,32,1097
1,0,0,51,340
1,0,0,42,-119
1,0,0,38,361
1,0,0,39,1072
0,1,0,50,1790
1,0,0,33,86
1,0,0,37,1633
0,0,1,34,172
1,0,1,34,0
1,0,0,36,222
0,0,0,40,109
0,0,1,40,1451
0,0,1,41,1066
1,0,0,40,888
1,0,0,48,428
0,0,0,33,106
0,0,0,44,0
0,1,0,55,979
0,0,0,34,84
1,0,0,39,816
1,0,0,55,2
0,0,0,35,-51
1,1,0,52,196
1,0,0,41,552
0,0,0,53,255
0,0,0,47,0
1,0,1,58,1013
1,0,0,44,262
0,0,1,34,215
0,0,0,36,1594
0,0,0,44,134
0,0,0,34,262
1,0,1,43,388
1,0,0,54,1291
0,0,0,37,79
0,1,0,58,543
1,0,0,56,1016
0,1,0,32,604
0,0,0,42,525
0,0,0,52,353
1,0,0,46,964
1,0,0,39,879
1,0,0,31,314
0,0,0,59,0
1,0,0,38,1370
0,0,0,58,37
1,1,0,34,673
1,0,0,40,-342
0,0,0,20,291
1,1,0,34,209
1,0,0,31,438
1,0,0,39,1242
1,0,0,34,355
1,1,0,24,204
1,0,0,40,5
1,0,1,45,410
1,0,0,36,605
0,0,0,53,4
1,0,0,42,198
1,0,0,48,841
0,0,0,34,8
1,0,0,36,470
1,0,0,43,520
1,0,0,36,439
1,0,1,49,-454
0,0,0,55,466
1,0,1,53,665
1,0,1,42,994
1,0,0,31,1243
1,0,0,32,0
0,0,1,56,1044
1,0,0,46,1069
0,0,0,41,231
1,1,0,31,0
1,0,0,32,266
1,0,0,38,-70
0,0,0,46,538
1,0,0,29,534
1,1,0,41,176
1,0,1,55,1613
1,0,0,30,81
1,0,0,41,780
0,0,0,44,178
0,0,0,58,299
1,0,0,35,285
1,0,0,27,872
0,0,1,34,1337
1,0,0,25,72
0,0,0,36,0
1,0,0,38,-388
1,0,0,30,11
1,0,0,47,-535
1,0,0,41,787
1,0,0,23,736
0,0,0,32,1390
0,0,0,57,808
0,0,1,48,1147
0,0,0,49,1122
1,1,0,50,-568
1,0,0,33,1165
1,0,0,53,-905
1,0,0,30,0
0,0,0,38,740
1,1,0,39,14
1,0,1,36,1049
1,0,0,38,0
1,0,0,36,419
1,0,0,30,726
1,1,0,28,594
1,1,0,26,454
0,0,0,32,0
0,1,0,50,202
1,0,0,43,667
0,0,0,48,112
0,0,0,57,50
0,0,0,64,768
1,0,0,26,74
1,0,1,33,661
0,0,0,47,751
0,0,0,39,416
0,1,0,52,14
1,0,0,31,-502
0,0,0,50,0
1,0,0,47,599
1,0,0,30,-218
0,0,0,32,1012
0,0,0,36,300
1,0,0,46,217
0,0,0,37,0
1,0,0,28,1480
0,0,0,55,1665
1,0,0,37,851
0,1,0,35,137
1,0,0,34,1239
0,0,0,43,146
0,0,1,59,1
0,1,0,50,-10
0,0,1,37,480
0,1,0,36,487
1,0,0,28,318
1,0,0,42,-411
0,1,0,48,725
0,0,0,35,188
0,0,1,37,189
0,0,0,77,610
0,0,0,32,787
0,0,0,43,167
1,0,0,36,243
0,0,0,29,877
1,1,0,26,127
0,0,0,34,176
1,1,1,57,0
1,0,0,36,1482
0,0,0,35,56
1,0,0,52,278
1,0,0,46,-337
0,0,1,60,366
1,1,0,57,501
1,0,0,48,998
1,0,0,59,0
0,0,0,39,246
1,1,0,44,-182
0,0,0,27,446
0,0,0,59,1173
0,0,1,44,205
0,0,0,50,0
1,0,0,41,369
0,0,0,32,259
1,1,0,38,284
0,0,0,55,23
0,0,0,38,1373
1,0,0,31,62
0,0,0,38,157
0,0,0,29,991
1,1,0,55,186
1,0,0,35,977
1,0,0,33,889
1,0,1,33,273
0,0,0,37,1193
0,0,0,36,0
1,0,0,42,230
1,0,0,35,317
0,0,0,60,517
1,0,0,50,-470
1,0,0,27,1
1,0,1,31,636
0,0,1,34,1076
1,0,0,38,126
1,0,0,32,-33
0,0,0,37,430
1,0,0,33,-6
0,0,0,71,383
1,0,0,27,130
0,0,0,34,201
0,0,1,54,0
1,0,0,30,6
0,1,0,35,475
1,0,0,33,706
0,0,0,59,185
0,0,0,64,679
0,0,0,53,320
1,0,0,58,1407
0,0,0,40,1270
1,0,0,41,654
0,0,0,39,0
1,0,0,36,177
0,1,0,58,1640
1,0,0,60,174
0,0,1,36,490
0,0,0,40,0
0,0,0,23,598
1,1,0,44,271
0,0,0,47,320
0,0,0,33,640
1,0,0,30,1772
0,1,0,27,15
1,0,0,27,201
1,0,0,51,160
1,1,0,32,5
1,0,0,30,75
1,0,0,27,-79
0,0,1,75,1341
1,0,0,37,490
1,0,0,36,1521
1,0,0,37,131
1,0,0,35,8
1,1,0,32,-632
0,1,0,32,116
1,0,0,35,189
1,1,0,31,2
1,0,0,27,54
0,0,0,22,549
1,0,0,35,298
0,0,0,69,579
1,1,0,37,1467
1,0,0,45,0
1,0,0,47,109
1,0,0,52,-11
1,0,0,33,90
0,0,1,60,493
0,0,0,38,868
1,0,0,54,653
0,0,0,32,0
1,1,0,33,0
1,0,0,55,218
1,0,0,48,741
1,0,0,37,1050
0,1,0,33,-56
1,1,0,30,1
1,1,0,43,-98
1,0,0,54,541
0,0,1,54,895
1,0,0,36,-129
0,0,0,30,0
0,0,1,27,158
1,0,0,30,122
1,0,0,30,673
0,0,0,35,0
1,0,0,33,411
1,1,0,43,-97
1,0,0,41,-217
1,0,0,54,-932
1,0,0,32,913
1,0,0,30,236
1,0,0,40,0
0,1,0,27,639
1,0,0,41,849
1,0,0,54,386
1,0,0,32,1218
1,0,0,42,-921
0,0,0,48,607
1,0,0,34,79
1,1,0,55,61
0,0,0,49,1091
0,0,0,46,743
1,0,0,47,209
0,0,0,24,172
0,0,0,58,2
0,0,1,32,41
1,0,0,25,1116
0,0,0,49,-55
1,0,0,30,329
1,0,0,46,494
0,0,1,42,1519
1,1,0,44,-14
0,0,0,41,1459
0,0,0,48,0
1,0,0,31,625
0,0,0,37,0
1,0,0,51,867
1,0,0,32,151
1,0,0,48,-583
0,0,0,49,1784
1,0,0,27,49
0,0,0,34,-346
1,0,1,49,1623
0,0,0,48,60
0,0,0,40,17
1,0,0,46,91
1,0,0,41,171
1,0,0,28,1027
1,0,0,33,142
0,0,0,26,205
0,0,0,34,852
1,0,0,27,-584
0,0,0,42,97
1,0,1,45,204
1,0,0,31,628
0,0,1,32,311
0,0,0,39,1564
1,1,0,26,856
0,0,0,40,1509
0,0,0,52,-888
0,0,0,40,226
0,1,0,48,127
1,0,0,31,413
1,1,1,27,710
1,0,1,47,1233
0,0,1,28,171
1,0,0,40,69
1,0,0,34,1499
1,0,0,29,751
0,1,0,36,61
0,0,1,83,425
0,0,0,43,99
0,0,0,23,1021
0,0,0,44,1146
1,0,0,58,781
0,0,0,29,1448
0,1,0,30,604
1,0,0,29,-194
0,0,0,41,0
1,0,0,35,0
1,0,0,31,1014
0,0,0,27,73
1,1,0,34,-319
1,0,0,36,-296
1,0,0,40,169
0,0,0,37,556
0,0,0,65,300
1,0,0,53,751
0,0,0,28,126
1,0,0,33,-386
0,0,0,56,379
0,0,0,45,706
1,0,0,28,1466
1,0,0,36,0
1,0,0,41,951
0,0,1,46,368
1,0,0,41,121
0,0,0,59,204
1,0,0,24,299
1,0,0,40,-335
1,0,0,50,254
1,0,0,25,553
1,0,0,51,518
0,1,0,50,85
1,0,0,37,603
0,0,0,21,361
1,0,0,52,-98
1,0,0,32,687
1,0,0,31,631
0,1,0,34,341
0,0,0,33,316
0,0,0,35,2
1,0,0,44,415
1,0,0,48,507
1,0,0,29,912
0,0,0,50,0
1,0,0,37,37
1,0,0,49,39
1,0,0,31,0
1,0,0,49,265
1,0,1,35,0
1,0,0,42,1520
1,0,0,36,-140
0,0,0,75,852
1,0,0,38,578
1,0,0,40,0
1,0,0,34,1171
1,0,0,29,452
1,0,0,28,-97
1,0,0,51,467
0,0,0,32,0
0,0,1,36,495
0,1,0,38,157
1,1,0,49,358
1,0,0,42,292
1,0,0,34,-563
1,0,1,59,351
0,0,0,35,365
1,0,0,34,846
0,0,1,64,1574
1,0,0,34,-28
0,0,1,77,0
1,1,0,30,501
0,0,1,56,1238
0,0,0,49,301
0,0,0,73,1388
1,0,0,39,102
1,0,0,57,13
1,0,0,32,413
1,0,0,45,638
1,0,0,32,101
1,1,1,31,1224
0,0,0,49,1103
1,0,0,55,955
1,0,0,30,518
0,0,0,39,14
1,1,0,36,-423
0,0,0,31,433
0,0,0,36,756
1,0,0,38,0
1,0,0,40,93
0,1,1,31,1766
1,0,0,39,124
0,1,0,33,69
0,0,1,53,0
1,0,0,38,0
0,0,1,59,259
1,0,0,38,744
1,0,0,48,116
1,0,0,53,70
0,0,0,44,432
0,0,0,57,1172
1,0,0,29,9
1,0,0,31,428
0,0,0,31,620
1,0,0,40,192
1,0,0,39,0
1,1,0,44,276
0,0,1,29,113
1,0,0,40,782
1,0,0,33,82
0,0,0,46,1008
0,0,0,26,443
1,0,0,41,351
0,1,0,39,-41
0,0,0,27,-124
1,1,0,31,79
0,1,0,55,197
0,0,0,51,837
0,1,0,50,-94
1,0,0,30,1743
0,0,1,46,57
0,0,0,49,635
1,1,0,56,-113
0,0,1,47,225
0,0,0,30,124
0,0,0,36,475
0,1,0,40,-7
0,0,0,37,375
0,0,1,42,936
1,0,0,45,1415
0,0,0,34,0
1,0,0,30,-99
1,1,0,32,167
1,0,0,46,19
1,0,0,29,242
0,0,0,53,13
0,0,0,32,286
1,0,0,49,769
0,0,0,35,93
1,0,0,38,1663
1,1,0,39,238
1,1,0,42,792
1,0,0,35,871
0,0,0,60,1025
1,0,0,57,63
0,0,0,31,16
0,0,0,29,417
0,0,1,33,133
1,0,0,32,1721
1,0,0,43,690
1,0,0,50,203
1,0,0,34,322
0,0,0,31,1210
1,0,0,43,634
0,0,0,49,273
0,0,0,22,47
0,1,0,35,1100
1,0,0,56,0
0,0,0,53,0
0,1,0,54,1544
1,0,0,41,28
1,0,0,40,1012
1,1,0,33,245
1,0,0,36,1328
1,1,0,34,412
0,1,0,55,229
0,0,1,28,1562
1,0,0,31,144
1,0,0,52,1339
0,1,0,54,386
0,0,0,55,204
1,0,0,28,101
1,1,0,45,728
1,0,0,42,0
0,0,0,43,181
0,0,0,34,176
1,0,0,36,49
1,0,0,50,372
1,0,0,34,464
1,0,0,48,117
1,1,0,47,104
1,0,0,40,1041
0,0,0,37,539
1,0,0,38,0
1,0,0,29,406
1,0,0,26,484
0,0,0,42,100
1,0,0,31,1306
1,0,0,37,815
1,0,0,26,245
0,0,0,54,191
1,0,0,50,1572
1,0,0,60,385
0,0,0,32,29
0,1,0,32,84
1,0,0,34,876
1,0,0,48,1499
1,0,0,25,0
1,0,0,32,329
1,0,0,47,162
1,0,1,49,151
1,1,0,53,-2
0,1,0,47,1149
1,0,0,35,11
1,0,0,49,1019
0,0,1,46,1297
1,1,0,29,415
1,0,0,58,671
1,0,0,34,417
0,0,0,60,71
0,0,0,43,1188
1,0,0,33,249
1,0,0,37,689
1,0,0,55,203
0,1,0,45,-183
0,0,0,58,116
1,0,0,36,1746
1,0,0,55,0
1,0,0,31,897
1,1,0,38,821
1,0,0,42,130
1,0,0,32,1
0,0,0,39,8
1,0,0,41,55
0,0,0,59,699
0,0,0,42,759
1,0,0,33,687
1,0,0,43,1211
0,0,1,39,426
1,1,0,27,376
1,0,0,39,12
0,0,0,27,23
1,0,0,33,353
1,0,0,29,330
0,0,0,33,0
0,0,0,41,353
1,0,0,30,0
0,0,0,58,744
0,0,0,37,608
1,0,0,36,356
1,0,0,45,1291
1,0,0,23,-306
0,0,1,53,306
1,0,0,44,-312
0,0,0,32,493
1,0,0,32,71
1,1,0,38,669
1,0,0,47,556
1,0,0,34,84
1,0,0,52,108
1,0,0,45,-11
1,0,0,50,1164
1,0,1,52,-191
0,0,0,37,132
1,1,0,33,-346
1,0,0,28,655
1,0,0,66,1048
1,0,0,31,0
1,0,0,35,624
0,0,1,47,1784
0,0,0,36,1281
0,1,0,32,569
1,0,0,34,1666
1,0,0,40,168
0,0,0,33,263
1,0,0,39,-405
1,0,0,38,279
0,0,1,32,0
0,0,0,65,300
0,0,0,34,415
1,1,0,34,0
1,1,0,42,1322
1,1,0,31,1062
1,0,0,47,302
1,0,0,44,809
1,0,0,38,-278
1,0,0,46,751
0,1,0,51,-28
0,0,0,42,0
1,0,0,58,1798
0,0,1,43,132
1,0,0,36,260
1,1,0,34,7
1,0,0,49,323
0,0,0,29,486
1,0,0,51,343
1,0,0,40,507
0,0,1,25,304
1,0,1,32,118
0,1,0,30,123
1,0,0,38,76
1,0,1,46,70
1,1,0,43,960
1,0,0,29,309
0,0,0,57,0
0,0,0,51,1550
0,1,0,35,62
0,0,0,37,704
1,0,0,30,4
0,0,0,60,262
1,0,0,56,238
1,0,0,45,97
0,0,0,38,410
0,0,0,20,1191
1,0,0,59,-47
0,0,1,34,197
0,0,0,36,6
1,0,0,51,630
0,0,0,58,235
0,0,0,51,872
1,0,0,35,407
1,0,1,40,100
0,0,0,59,345
0,0,1,49,889
1,0,0,35,0
0,0,0,41,51
0,0,0,55,150
0,1,0,51,34
0,0,0,27,795
0,1,0,57,282
1,0,0,38,-469
1,0,1,49,197
1,0,0,40,825
1,0,0,48,1598
0,0,0,47,871
0,0,0,56,83
0,0,1,29,1445
1,0,1,38,226
1,0,0,32,-55
1,0,0,42,243
0,0,0,30,-336
1,0,1,35,0
1,1,0,35,251
0,0,0,35,44
0,0,0,32,2
1,0,0,45,1415
1,0,1,51,297
1,0,0,31,1094
1,0,0,50,-84
1,0,0,38,-1
1,0,0,37,347
1,0,0,35,1253
0,0,0,28,781
0,0,0,58,1533
0,0,0,47,286
1,0,0,31,-219
1,0,0,38,0
1,0,0,50,810
0,0,0,32,300
1,0,0,37,1175
1,0,0,39,0
1,0,0,40,113
1,0,0,41,641
1,0,0,45,1477
1,0,0,31,0
1,0,0,54,8
1,1,0,39,399
1,1,0,56,-435
0,0,0,34,15
0,0,0,31,125
0,0,0,38,45
0,0,0,41,13
1,0,0,44,0
1,0,0,49,579
1,0,0,30,432
1,0,0,34,857
0,0,0,57,808
1,0,0,28,373
1,0,0,44,-101
1,0,0,46,1375
0,0,0,34,180
0,0,0,58,175
0,1,0,52,381
1,0,0,48,340
1,1,0,33,10
0,0,1,31,156
1,1,0,35,473
0,0,0,37,781
0,0,0,60,0
1,1,0,34,456
1,0,0,32,253
1,0,0,36,774
0,1,0,32,-59
0,1,0,40,-81
1,0,0,37,0
1,0,0,57,0
0,0,0,46,-3
0,0,1,39,3
1,0,0,35,839
0,0,0,32,103
1,0,0,44,316
1,0,0,41,1680
1,0,0,39,247
1,1,0,27,261
1,0,1,51,95
0,0,0,33,291
0,0,0,52,0
1,0,0,54,1295
1,0,0,33,324
1,0,0,50,669
0,0,0,41,618
1,0,0,48,541
1,0,0,38,434
1,0,0,34,622
1,0,0,32,0
1,0,0,48,99
1,0,0,28,290
1,0,1,47,1230
1,1,0,32,45
1,0,0,32,923
0,0,0,38,950
0,0,0,86,1503
0,0,0,47,65
1,1,0,42,-679
0,1,0,44,773
1,0,0,34,991
0,0,1,34,247
1,0,0,42,-406
0,0,0,30,180
1,0,1,26,-887
1,1,0,34,1386
0,1,0,40,-495
1,0,0,34,440
1,0,0,32,135
1,0,0,39,-735
0,0,0,36,60
1,0,1,39,902
1,0,0,34,-72
0,0,1,42,1205
1,0,0,46,499
1,1,0,32,656
0,0,0,27,100
1,0,0,35,69
0,0,0,53,619
0,0,0,29,192
0,0,0,35,0
0,0,0,49,87
0,0,1,40,1361
0,0,0,19,0
1,0,0,30,34
0,1,0,34,318
0,0,0,60,197
0,0,1,28,0
1,0,1,46,273
1,0,0,49,15
1,1,0,44,-27
0,0,0,33,75
1,0,0,54,1139
1,0,0,26,115
0,0,0,54,0
0,1,1,30,-477
0,0,1,29,1026
1,0,1,53,980
1,0,0,43,-179
1,0,0,40,1729
1,0,0,43,434
1,1,0,33,-300
1,0,0,44,-329
1,0,0,33,0
0,0,0,31,391
0,0,0,46,705
1,1,0,32,255
1,0,0,32,350
1,1,0,49,474
1,0,1,27,489
0,0,0,46,757
0,0,0,37,695
1,0,0,30,-770
1,1,0,44,80
1,0,0,45,315
0,0,1,27,213
0,0,0,57,0
0,0,0,40,212
1,0,0,48,333
1,0,1,42,257
0,0,0,78,226
0,0,0,50,1260
1,0,0,46,1410
0,0,0,36,980
0,0,0,49,-37
1,1,0,46,-154
0,0,0,77,680
1,1,0,30,799
1,0,0,40,98
0,0,1,25,343
1,0,0,49,852
1,0,0,33,50
0,0,0,40,0
1,0,0,44,10
1,1,0,32,950
1,0,0,52,0
1,0,0,35,175
1,0,0,35,-259
0,0,0,59,139
1,0,0,50,1111
0,0,0,27,113
0,0,0,55,-612
1,0,0,54,310
1,0,0,31,-186
0,0,0,51,833
1,0,0,61,625
1,0,0,34,105
0,0,0,56,551
0,0,0,29,145
1,0,0,34,618
1,1,0,35,1063
0,1,0,56,985
1,0,0,31,-449
0,0,1,37,66
1,0,0,43,0
1,0,0,40,419
0,0,0,38,-23
1,1,0,58,1573
1,0,0,24,77
1,0,0,53,1378
1,1,0,36,-73
1,0,0,28,60
1,1,0,45,137
1,0,0,32,1583
1,1,0,46,-121
1,1,0,28,1065
1,0,0,51,-13
1,0,0,39,-183
1,0,0,28,702
0,0,0,31,1494
1,1,0,31,0
0,0,0,38,46
1,0,0,31,609
1,0,1,40,0
1,0,1,34,925
1,0,0,51,42
0,1,0,33,285
0,0,0,41,0
0,1,0,48,8
1,0,0,42,216
1,0,0,25,894
1,1,0,38,490
1,0,0,45,245
1,0,0,59,0
0,0,0,47,150
1,0,0,33,4
0,0,1,59,1727
0,1,1,41,664
1,0,0,42,473
0,0,0,51,0
1,0,0,45,-192
0,0,0,37,1053
0,0,0,73,154
1,0,0,43,625
0,1,0,52,255
1,0,0,44,529
0,1,0,56,318
1,0,0,52,230
1,0,1,31,747
0,1,0,53,263
1,0,0,24,-46
0,1,0,57,0
1,0,1,48,568
1,0,0,57,1469
0,1,0,51,18
1,0,0,50,201
1,1,0,34,1412
1,0,0,43,-93
1,0,0,31,-331
1,0,0,29,486
1,0,0,39,694
0,0,0,38,0
1,0,0,41,22
1,0,1,47,1167
1,0,0,38,35
0,0,1,33,697
0,1,0,53,230
0,0,0,69,473
1,0,0,46,1427
1,0,1,30,201
0,0,0,31,1086
0,0,0,34,44
0,0,0,48,286
0,0,0,46,216
1,0,0,42,214
1,0,0,41,343
1,0,0,33,-77
0,0,0,39,1046
0,0,0,27,1566
0,0,0,26,592
1,0,1,38,104
1,0,0,48,0
0,1,0,54,-22
0,0,0,51,0
0,0,0,47,72
0,0,0,53,100
1,0,0,35,319
1,0,0,52,50
1,0,0,57,32
1,0,0,35,633
0,0,0,38,1513
0,0,0,47,668
0,0,0,35,649
1,0,0,46,452
1,0,0,27,-145
1,0,0,31,-498
0,0,0,31,0
1,0,0,46,22
1,0,1,33,1412
0,0,0,42,145
0,0,0,31,591
0,0,1,62,0
1,0,0,24,508
0,0,1,48,817
1,0,0,41,348
1,0,0,43,291
1,0,0,54,781
0,0,0,32,267
1,0,0,38,1327
1,0,1,41,-306
1,0,0,31,864
1,0,1,35,1265
0,0,0,26,0
0,0,0,52,214
1,1,0,58,425
0,0,0,57,3
1,0,0,34,0
0,0,0,59,0
0,1,0,27,282
0,0,0,42,0
1,1,0,33,0
1,0,0,31,864
0,1,0,29,-478
0,0,0,38,-363
1,0,0,32,1059
1,0,0,31,388
1,0,0,51,602
0,0,0,29,0
1,0,0,43,255
1,0,0,36,63
1,0,0,34,712
1,0,0,29,57
0,1,0,57,523
0,0,0,43,422
0,0,1,33,386
0,0,0,51,260
0,0,0,40,-1
1,0,0,51,1490
1,1,0,38,497
1,0,0,35,1707
1,0,0,47,826
0,0,0,45,907
0,0,0,29,404
1,0,0,52,907
1,1,0,26,18
1,0,0,31,-495
1,0,0,55,1210
1,0,0,35,819
0,0,0,56,442
1,0,1,28,-46
1,0,0,27,671
0,0,0,30,371
0,0,0,51,-3
1,0,0,33,11
1,0,0,32,33
1,0,1,43,104
0,1,0,46,174
1,0,0,40,1438
0,0,0,39,1367
0,0,0,51,-11
1,0,0,46,1693
1,1,0,43,778
0,0,0,36,837
0,0,0,48,363
1,1,0,26,236
1,0,0,39,0
0,1,0,47,-50
1,0,1,23,4
1,1,0,38,46
0,1,0,33,575
0,1,0,35,148
0,0,0,52,431
1,0,0,25,777
1,1,1,29,199
0,0,0,49,47
0,0,0,32,138
1,0,0,29,1117
1,0,0,28,1325
0,0,0,59,0
0,0,0,55,1598
0,0,1,24,822
1,0,0,42,-280
1,0,0,34,1534
0,0,0,34,1671
1,0,0,58,0
1,1,1,33,139
0,0,0,34,573
1,0,0,34,475
1,1,0,42,47
0,0,0,31,96
1,0,0,39,83
1,1,0,42,372
0,1,0,48,-552
0,0,0,30,48
1,0,0,34,1
0,1,0,46,46
1,0,0,32,-18
1,1,0,46,451
1,0,0,26,479
1,0,0,42,0
1,0,0,50,1130
1,0,0,41,389
0,1,0,34,10
1,0,0,32,401
1,1,0,58,145
1,0,0,45,115
1,1,0,28,89
1,1,0,35,94
1,0,0,39,1438
0,0,0,49,780
1,0,0,50,207
0,0,1,37,238
1,0,0,48,-471
1,0,0,36,1531
0,0,0,41,764
0,0,0,55,383
1,0,1,41,326
0,0,0,47,691
0,0,0,34,0
0,0,0,33,99
1,0,0,58,502
0,0,0,51,-15
0,0,0,55,0
0,0,0,30,185
1,0,0,33,-424
1,0,0,27,0
1,0,0,59,319
1,0,0,34,171
1,0,0,44,-11
1,0,1,35,0
1,0,0,45,-206
1,1,0,42,704
0,0,0,34,943
1,0,0,35,327
1,0,0,29,-105
0,0,0,58,983
1,0,0,44,787
1,0,0,45,0
0,0,0,30,790
0,0,0,38,1449
0,0,0,50,1412
0,0,0,21,681
1,0,0,38,228
0,0,0,42,0
1,1,0,34,2
0,1,0,48,197
0,1,0,34,0
0,0,0,35,118
0,0,0,35,13
0,1,0,57,14
1,0,0,28,769
0,0,0,57,139
1,0,0,34,202
1,0,0,36,6
0,0,0,57,320
1,0,0,34,50
1,0,0,51,370
0,0,0,54,-182
1,0,0,52,1623
1,0,0,53,225
0,0,0,44,-665
0,0,0,29,0
1,0,1,27,54
0,0,0,35,46
0,0,0,40,2
1,1,0,34,103
1,0,0,38,883
1,0,0,32,55
1,0,0,25,913
1,0,0,38,595
1,0,0,26,7
0,0,0,37,1661
1,0,1,30,102
0,0,0,36,338
1,0,0,33,490
1,0,0,24,0
0,0,0,29,596
0,0,0,27,132
0,0,0,34,0
1,0,0,39,385
0,0,0,38,223
1,0,0,37,0
1,1,0,26,512
1,0,0,36,1169
1,0,0,35,71
0,0,0,30,940
1,1,0,25,-80
1,0,0,34,0
0,0,0,52,1317
0,0,0,39,179
1,0,0,34,1007
0,0,0,34,0
1,1,0,30,1286
1,1,0,33,804
0,0,0,30,4
1,0,0,51,0
1,0,0,36,417
0,0,0,48,1678
1,0,0,37,532
1,0,0,58,407
0,1,0,56,659
1,0,0,34,393
1,0,0,33,661
0,0,0,26,0
1,0,0,40,838
1,0,0,35,195
1,0,0,45,68
1,0,1,37,-242
1,0,0,35,321
1,0,0,28,8
1,0,0,32,739
0,0,1,26,622
1,0,1,35,152
0,0,0,35,2
1,0,0,39,1439
1,0,0,42,1491
0,0,0,30,1210
0,1,0,26,122
1,0,0,30,0
1,0,0,32,62
1,0,0,57,23
1,0,0,35,0
0,1,0,24,366
0,1,0,54,0
1,1,0,31,1343
1,0,0,35,35
0,0,0,30,877
1,0,0,43,30
0,0,0,60,89
0,0,0,43,104
1,0,0,31,1750
1,0,0,56,772
1,0,0,42,1048
0,0,0,52,592
1,1,0,40,0
0,0,0,40,33
1,0,0,46,0
0,0,0,32,1649
1,0,0,31,287
1,0,0,41,0
0,1,0,58,419
1,0,0,36,257
0,0,0,52,118
0,0,0,42,251
1,1,0,32,1731
0,0,0,62,0
0,0,0,31,23
0,1,1,41,-386
0,0,0,37,654
1,0,0,46,519
0,0,0,39,1190
1,0,0,28,229
0,0,0,26,203
0,0,1,42,1289
0,0,0,33,39
0,0,1,73,796
0,1,0,35,57
1,0,0,40,1548
0,0,1,51,117
1,0,0,37,0
1,1,0,39,691
1,0,0,28,64
1,0,0,49,0
1,0,0,36,957
1,0,0,45,118
1,0,0,29,218
1,0,1,35,724
1,1,0,35,20
1,0,0,30,-28
0,0,0,46,665
0,0,0,25,5
0,0,1,36,925
1,0,0,42,401
1,1,0,29,581
0,0,0,36,1327
0,0,0,50,32
1,1,0,47,310
0,0,0,46,0
1,0,0,26,155
1,0,0,30,1380
1,0,1,23,1129
1,0,0,32,-402
1,0,0,28,1323
1,1,0,57,1623
1,0,0,38,1042
1,0,0,54,865
1,0,0,32,1667
1,0,0,59,975
0,0,1,53,732
0,0,0,50,769
1,1,0,34,-136
0,0,0,30,931
0,0,0,62,565
1,0,0,40,271
0,0,0,26,1153
1,0,0,34,-73
0,0,1,50,558
0,0,0,31,137
1,0,0,35,700
0,1,0,55,-966
0,0,0,34,96
1,0,0,50,567
0,0,0,31,40
0,1,0,47,136
1,0,0,38,917
1,0,0,46,593
1,0,0,42,505
0,0,0,38,807
0,0,0,32,0
0,0,0,55,540
1,1,0,35,280
0,1,0,56,-59
1,0,0,27,-517
0,0,0,42,-7
1,0,0,41,0
0,1,0,53,-200
0,1,1,53,104
1,0,0,33,191
1,0,0,31,694
1,0,0,31,212
1,0,0,48,131
0,0,0,30,175
0,0,0,43,0
1,1,0,44,476
1,0,0,35,1257
0,0,0,55,23
1,0,0,39,0
1,1,0,36,398
1,0,0,33,745
0,0,0,33,0
0,0,0,67,696
1,0,0,48,1266
0,0,0,31,25
0,0,0,56,29
0,0,1,44,14
1,0,0,47,14
1,0,0,30,105
0,1,0,37,767
0,1,0,56,0
1,1,0,43,-228
1,0,0,42,508
1,0,0,60,725
1,0,0,34,41
0,0,0,34,184
0,1,0,41,251
0,0,0,38,-17
1,0,0,23,-19
1,0,1,33,1064
1,0,0,36,777
0,0,0,49,377
1,0,1,34,479
1,0,0,40,-375
0,0,0,72,796
1,0,0,43,17
1,0,0,44,1071
1,0,0,35,0
1,0,0,55,865
1,1,0,50,-701
1,0,0,23,817
0,0,0,34,1387
1,1,0,40,0
0,0,0,57,0
1,0,0,25,242
1,1,0,38,171
1,0,0,27,259
1,0,0,45,827
0,1,0,31,469
0,0,0,42,0
1,0,0,46,477
1,0,0,36,42
1,0,0,30,775
1,0,0,32,9
1,1,0,35,376
1,0,0,38,389
0,0,0,46,134
1,1,0,45,1273
1,0,0,59,0
1,0,0,33,0
1,0,0,46,295
1,1,0,48,292
0,0,0,31,85
0,0,0,32,4
1,0,0,35,-587
0,0,0,36,367
0,0,0,45,959
0,0,0,34,0
1,0,0,25,-589
0,0,0,26,-8
0,0,0,57,0
1,1,0,48,247
0,1,0,32,642
0,0,0,58,11
1,0,0,57,-226
0,0,0,33,-320
1,0,0,36,725
1,0,0,32,705
1,0,0,45,776
1,0,0,35,816
0,0,0,41,171
0,0,0,54,812
0,0,1,49,823
1,0,0,28,1453
1,0,0,24,431
1,0,0,30,1009
1,0,0,32,286
1,1,0,33,181
1,0,0,31,-452
0,0,0,56,1770
0,0,0,58,0
1,0,0,37,-296
0,0,1,50,1200
1,0,0,39,109
1,0,0,30,616
0,0,0,44,313
1,0,0,38,290
0,0,0,50,1240
0,0,0,73,19
1,0,0,46,143
0,1,0,56,212
0,0,1,36,9
1,0,0,40,1734
0,0,0,52,575
1,0,0,51,397
1,0,0,33,640
1,0,0,54,158
1,0,0,50,1011
1,0,1,45,0
1,0,1,36,1133
1,0,0,37,712
1,1,0,28,-427
1,0,0,59,92
1,0,0,32,10
1,0,0,57,1238
1,0,0,49,981
0,0,0,56,575
0,0,0,48,-70
1,0,0,31,574
0,0,0,28,43
0,0,0,36,428
1,0,0,58,0
1,1,0,46,0
1,0,0,32,474
0,0,0,39,-540
1,0,0,35,560
1,0,1,31,325
0,0,1,29,437
0,0,0,48,574
0,0,0,60,0
0,0,0,74,935
1,0,0,30,699
0,0,0,52,0
1,0,0,24,-220
1,0,0,33,212
1,1,0,34,67
0,0,1,45,0
0,1,0,31,0
0,0,0,45,1673
0,0,0,45,0
1,1,0,57,1521
0,0,0,34,1310
1,1,0,40,0
0,0,0,39,399
0,0,0,46,405
0,0,0,34,697
1,0,0,37,403
0,0,0,64,890
1,0,0,45,809
1,0,0,57,158
1,0,0,21,137
1,0,1,41,75
1,0,0,58,541
1,0,0,33,287
1,1,0,32,273
1,0,0,44,0
0,0,0,47,677
0,0,0,41,340
0,0,0,54,98
1,0,0,47,477
0,1,0,59,0
0,0,0,48,-20
1,0,1,32,230
0,1,0,46,-852
0,0,0,31,-280
0,0,1,53,25
0,0,0,32,687
1,0,0,31,1368
1,0,0,27,-179
1,0,0,60,-396
1,0,0,34,1011
0,1,0,52,9
1,1,0,48,1159
0,0,0,45,-322
1,0,0,54,1114
1,0,0,47,459
0,0,0,54,1157
0,0,0,39,1043
0,0,0,26,461
1,0,0,37,61
1,0,0,47,1203
0,1,0,35,1067
0,0,0,57,0
1,0,0,34,1657
0,0,1,47,1219
1,0,0,27,7
1,1,1,40,-839
0,0,0,39,994
0,0,0,36,6
0,0,0,42,0
1,0,0,34,133
1,1,0,34,247
0,0,0,49,1114
0,1,0,57,1592
0,0,0,59,0
0,0,0,57,46
1,0,0,34,1221
0,0,1,61,985
1,0,0,35,0
0,0,0,42,520
0,0,0,57,10
1,0,0,63,133
0,0,0,47,1121
1,0,0,54,88
0,0,0,45,0
1,0,0,28,-328
1,0,0,58,610
0,0,0,48,414
1,0,1,35,0
0,0,0,37,0
1,0,0,37,685
0,0,0,25,-352
1,0,0,58,602
1,0,0,52,-588
0,0,1,19,302
1,1,0,41,64
0,0,0,34,632
0,0,0,41,902
0,1,0,53,112
0,1,0,35,0
0,0,0,33,621
1,0,0,37,435
1,0,0,32,782
1,0,0,32,478
1,0,0,36,1174
1,0,0,56,1270
0,0,0,30,18
1,0,0,36,141
1,1,0,32,1100
1,1,0,34,516
0,0,0,37,1
0,0,0,28,775
0,0,0,35,634
1,0,0,60,1088
1,1,0,40,1532
0,0,0,57,75
0,0,0,29,103
1,0,0,44,134
0,0,0,41,748
0,0,0,43,192
0,0,0,37,267
1,0,0,34,586
1,1,0,30,648
1,0,0,57,25
1,0,0,26,96
1,0,0,34,1116
0,1,1,46,-90
1,0,1,38,170
0,0,0,57,179
1,0,1,39,763
0,0,1,49,320
1,0,0,27,818
0,0,0,36,1582
0,0,0,38,62
0,0,0,59,235
1,0,0,37,489
1,1,1,43,699
1,0,0,33,58
0,0,0,54,1327
0,0,0,55,557
1,0,0,32,741
1,0,0,33,1439
1,0,0,46,120
0,0,1,44,1058
1,0,0,47,881
0,0,0,80,462
1,1,0,40,167
1,0,0,43,1574
0,0,1,32,1625
0,0,0,39,562
0,1,0,31,35
0,0,0,36,0
0,0,0,25,368
1,0,0,33,1558
1,1,0,36,0
1,0,0,44,900
1,0,0,31,385
1,0,0,55,1649
1,1,0,36,0
0,0,0,27,1
1,0,0,40,771
1,0,0,49,280
0,0,0,59,46
0,0,0,42,308
1,0,0,35,160
1,0,0,29,555
1,0,0,29,778
0,0,0,37,48
1,0,0,49,169
1,0,0,51,12
0,0,0,61,848
1,0,0,43,481
1,1,0,24,-254
0,0,0,46,1148
0,0,0,23,5
1,0,0,26,50
1,0,0,43,92
1,0,1,35,470
0,0,0,38,0
0,0,0,56,109
1,0,0,31,440
0,0,1,32,0
1,0,0,26,-3
1,0,0,33,220
0,0,0,80,1548
1,1,0,40,326
1,0,0,42,0
0,0,0,46,123
0,0,0,32,697
1,0,0,37,223
1,0,0,32,1694
1,0,0,39,894
1,0,0,31,202
0,0,0,34,0
0,0,0,44,1707
0,0,0,39,406
0,0,0,55,96
1,0,1,34,0
0,1,0,39,-276
0,0,0,58,413
1,0,0,37,655
0,0,1,56,694
1,0,1,41,1646
0,0,0,29,14
1,0,0,24,9
1,0,0,43,1029
1,0,0,39,260
1,1,0,52,-97
0,0,0,33,1465
1,0,0,30,125
0,0,0,32,930
1,0,0,27,0
0,0,0,58,73
1,0,0,46,-35
0,0,0,28,1351
1,0,0,39,1601
1,0,0,41,88
1,0,0,38,435
1,0,0,50,717
1,0,0,56,705
0,0,0,34,1553
1,0,0,33,-131
0,0,1,61,1191
0,1,0,36,47
1,1,0,34,544
1,0,0,36,688
0,0,1,45,242
0,0,0,27,118
1,0,0,45,-388
0,0,0,40,1603
1,0,1,36,1511
1,0,0,46,147
1,0,0,37,836
1,0,0,36,55
0,1,0,37,1123
0,0,1,22,691
0,1,0,51,0
1,1,0,35,552
0,0,0,50,0
1,1,0,31,309
1,0,0,47,33
1,0,0,59,681
1,0,0,32,1787
0,0,0,41,4
0,0,0,36,254
0,0,0,46,1712
1,0,0,35,252
1,0,0,37,346
0,0,1,56,45
1,1,1,46,556
1,0,0,44,-710
1,0,0,48,-551
1,0,0,28,56
0,1,0,38,1514
1,0,0,34,178
1,0,0,56,359
0,1,1,55,1580
0,0,0,44,221
1,0,0,38,1161
1,0,0,53,1278
0,0,0,41,982
0,0,1,34,16
0,0,0,34,1
1,0,0,35,128
1,0,0,56,828
1,0,0,37,0
1,0,0,29,125
1,0,0,41,140
1,0,0,43,593
0,0,0,38,746
1,1,0,31,589
1,0,0,40,294
0,1,0,45,644
1,0,0,43,-26
0,0,0,33,23
1,0,0,37,7
1,0,0,44,508
1,0,0,48,0
1,0,0,57,93
1,0,0,29,0
1,0,0,36,-11
1,0,1,49,523
1,0,0,49,-74
0,0,0,35,0
1,0,0,39,122
0,1,0,34,351
0,1,0,57,35
0,0,0,25,64
0,0,0,43,60
1,0,0,37,342
0,0,0,39,26
0,0,1,40,0
1,0,0,34,79
0,0,0,53,65
1,0,0,44,332
1,0,0,32,-399
1,1,1,50,-54
0,0,0,29,-102
0,0,1,73,279
1,0,0,52,11
1,0,0,32,92
0,0,0,49,443
1,0,0,40,1397
0,0,0,53,7
0,1,0,43,232
1,0,0,35,81
1,0,0,35,414
1,0,0,25,1433
0,0,0,31,187
0,0,0,48,0
1,0,0,46,1429
0,0,0,30,334
0,1,0,47,2
1,0,0,23,500
1,0,0,29,43
0,1,0,56,306
0,0,0,52,0
0,0,0,55,168
0,0,0,43,210
1,0,0,34,518
1,0,1,43,1696
0,1,0,55,-31
1,0,0,34,856
1,0,0,34,318
0,0,0,43,64
1,0,0,39,800
0,0,0,39,75
1,0,0,34,347
0,0,1,67,701
1,1,0,34,475
0,0,0,33,925
0,1,0,45,128
1,0,0,36,1587
1,0,0,59,879
0,0,1,33,478
0,0,0,52,280
0,0,0,41,819
0,0,0,60,27
1,0,0,32,736
1,0,0,28,224
0,1,0,53,427
1,0,0,38,376
1,0,0,46,523
0,1,0,53,71
0,0,0,38,994
1,0,0,37,52
0,0,0,37,11
0,0,0,37,0
0,0,0,66,747
0,1,0,61,313
0,1,0,34,61
1,0,0,30,0
1,0,0,27,10
1,0,0,37,658
1,0,0,38,1679
0,1,0,35,0
1,0,0,50,841
1,0,0,39,0
1,0,0,35,1160
1,0,0,36,-37
1,0,0,28,94
1,0,0,39,585
0,0,0,39,235
1,0,0,32,1464
1,1,0,28,232
1,0,0,47,187
0,0,0,53,12
1,0,0,57,318
0,1,1,47,405
1,0,0,56,334
1,0,0,38,0
0,0,0,52,2
1,1,0,46,966
0,1,0,57,195
0,0,0,42,0
0,0,0,57,0
0,0,0,51,260
1,0,0,53,451
1,0,0,39,20
0,0,0,36,23
0,0,0,34,1076
1,0,0,61,1060
1,0,1,32,678
1,1,0,35,1147
0,0,0,54,-630
0,0,0,31,459
1,0,0,45,976
1,0,0,32,357
0,0,0,52,-9
1,0,0,31,500
0,0,0,43,59
0,0,0,47,0
1,0,0,46,328
0,0,0,34,291
1,0,0,55,-703
1,0,0,23,589
0,0,0,58,1142
1,0,0,35,725
0,0,1,27,802
1,0,1,24,556
1,0,0,48,191
0,0,0,31,373
0,0,0,53,37
1,0,0,42,1156
1,1,0,50,806
1,0,0,38,-314
1,1,0,39,285
1,0,0,28,1199
1,0,0,55,481
0,0,0,33,137
1,0,0,36,168
1,0,0,38,156
0,1,0,35,786
1,0,0,30,0
1,0,0,33,331
1,0,0,36,1554
1,1,0,32,132
1,1,0,42,529
0,0,1,63,474
1,0,0,38,86
1,0,0,39,186
0,0,0,46,137
0,0,0,76,86
0,1,0,28,81
1,1,0,46,137
0,0,0,30,25
0,0,0,60,759
0,0,0,58,764
1,0,0,33,0
0,0,0,77,680
0,1,0,60,0
1,1,0,30,-518
0,1,0,50,60
0,0,0,50,732
1,0,0,41,177
1,1,0,41,-204
1,0,0,40,990
1,0,0,38,648
0,0,0,34,50
0,0,1,72,763
1,1,0,34,470
0,1,0,31,0
0,0,0,31,0
0,0,1,55,-375
1,0,0,25,157
1,0,0,34,1518
0,0,0,53,1343
1,0,0,39,-401
1,1,0,56,856
0,0,0,19,1169
1,0,0,32,53
0,0,0,32,795
1,1,0,53,0
0,0,0,43,34
0,0,0,48,5
1,0,0,27,15
0,0,0,27,390
0,0,0,51,712
1,1,0,33,-241
1,0,0,50,1545
0,0,1,59,1026
1,0,0,58,435
0,0,1,54,876
1,0,0,39,157
1,1,0,40,1327
0,1,0,55,284
0,0,1,36,495
1,0,0,31,1588
1,0,0,38,0
1,0,0,52,428
0,0,0,45,542
0,0,0,32,66
0,0,0,58,314
1,0,0,35,24
0,0,0,36,613
0,1,0,55,1467
1,0,0,45,192
0,0,0,49,321
1,0,0,44,788
1,0,0,37,48
0,0,0,35,262
1,0,0,44,576
0,0,0,59,0
1,0,0,60,104
1,0,0,33,1279
1,0,0,45,295
0,0,0,57,367
0,0,0,36,1477
1,0,0,30,71
1,0,0,30,127
0,0,0,49,1672
0,0,0,28,356
1,0,0,59,133
1,1,0,40,1217
1,0,0,32,202
0,1,0,58,590
0,0,1,28,442
1,0,0,27,808
1,0,0,38,427
1,0,0,53,431
1,1,0,33,0
1,0,0,52,238
0,0,1,64,846
0,0,1,40,3
0,0,0,52,693
1,0,0,28,0
1,0,0,49,362
1,0,0,28,618
0,0,1,87,230
1,0,0,37,1287
0,0,0,36,179
0,0,0,35,980
1,0,1,33,79
0,0,1,25,808
0,0,0,69,745
0,0,0,41,1309
1,0,0,48,290
1,0,1,35,1792
1,0,0,30,178
0,0,0,59,0
0,0,0,32,537
1,0,0,28,416
0,0,0,60,1472
1,0,0,32,112
0,1,0,58,0
1,0,1,33,0
0,0,0,46,23
1,0,0,29,228
1,0,0,37,215
1,0,0,58,23
1,0,0,34,293
0,1,0,34,0
0,0,0,49,199
0,0,1,53,459
1,1,0,40,-378
0,0,0,30,395
1,0,0,55,865
1,0,0,36,340
0,0,0,26,265
1,0,0,31,389
1,1,0,49,0
1,0,0,54,384
1,0,0,47,94
0,0,0,61,1471
1,0,0,49,937
1,0,0,51,500
1,0,0,53,25
0,0,0,35,365
0,1,0,25,34
0,0,1,79,429
0,0,0,21,6
1,0,0,33,467
0,0,0,52,247
0,0,1,27,897
1,0,0,51,1291
0,0,0,31,64
1,0,0,49,-471
1,1,0,32,1160
0,0,0,28,14
1,0,0,33,26
0,0,0,50,452
1,0,0,42,382
1,0,0,34,0
1,0,0,56,789
1,0,0,33,142
1,0,0,34,645
1,0,0,37,897
1,0,0,37,103
1,0,0,35,847
0,0,1,38,0
1,0,0,32,517
1,0,0,52,1308
1,1,0,49,66
1,0,0,46,361
1,1,0,42,66
1,0,0,36,70
1,0,0,32,180
1,0,0,49,279
0,0,1,46,4
1,0,0,40,1416
1,0,0,36,465
1,0,0,36,998
0,1,0,34,550
1,0,0,46,1285
1,0,0,32,336
0,0,0,32,131
0,1,0,43,348
1,0,0,25,453
1,0,0,55,1102
1,1,0,24,926
1,0,0,40,502
0,0,0,48,316
0,0,0,57,0
1,1,0,45,72
0,0,1,33,61
0,0,0,38,173
1,0,0,26,-162
0,1,0,30,47
1,1,0,34,326
0,0,0,36,1283
0,0,1,39,1047
0,0,0,52,36
0,0,1,55,-308
0,0,0,26,1177
0,0,0,52,0
0,0,0,29,1
0,0,1,28,153
0,0,0,58,139
1,0,0,29,21
1,0,0,48,178
1,0,0,35,444
1,0,0,26,209
1,1,0,31,0
0,0,0,48,427
0,0,0,53,146
0,0,0,59,319
0,0,0,28,304
1,0,0,41,389
0,0,0,50,766
1,0,0,31,0
1,0,0,59,174
0,1,0,33,-305
0,0,0,35,670
1,0,0,30,79
1,0,0,24,110
1,0,0,34,360
0,0,0,52,199
1,1,0,33,238
1,0,0,41,1088
1,0,0,42,221
0,1,0,38,889
1,0,0,48,750
1,1,0,34,0
1,0,0,46,1291
1,1,0,40,89
0,0,0,32,0
1,0,0,33,625
1,0,0,55,574
1,0,0,58,320
1,0,0,25,468
1,0,0,47,440
1,0,0,40,0
1,1,0,30,-559
1,0,0,39,98
0,0,0,40,642
1,1,0,38,526
1,0,0,37,954
1,1,0,36,-679
0,0,0,50,-1
0,1,0,58,331
0,0,1,58,462
1,0,0,28,0
0,0,0,41,0
0,0,0,30,151
1,0,1,32,883
0,1,0,27,266
0,0,0,48,0
1,0,0,36,491
0,1,0,54,3
1,0,0,36,198
1,1,0,34,0
0,0,1,43,136
0,0,0,32,28
0,0,0,33,335
0,0,0,51,174
1,0,0,39,270
0,0,0,44,1206
1,0,0,49,198
1,0,0,25,914
1,0,0,39,31
0,0,0,54,0
1,0,0,32,347
1,0,0,36,860
1,0,0,54,89
1,1,0,31,0
0,1,0,45,0
1,0,0,31,68
1,0,0,45,-149
1,0,0,46,225
1,0,0,50,112
0,0,0,44,0
0,0,0,26,179
1,0,0,47,1544
0,0,0,48,199
1,0,0,60,231
1,0,0,27,76
0,0,1,30,302
1,0,0,28,189
0,0,1,58,565
0,0,0,37,310
1,0,0,36,1746
1,0,0,39,6
0,1,0,52,-110
1,0,0,36,35
0,0,0,39,-650
0,1,0,47,292
0,0,0,58,35
0,0,0,43,50
1,0,0,44,-674
1,1,0,57,1180
1,0,0,36,319
1,1,0,31,1545
0,0,0,51,1315
0,0,0,31,424
0,0,0,56,151
0,1,0,30,-970
1,1,0,38,-762
1,0,0,35,181
1,0,0,31,-120
1,0,0,39,1022
1,0,0,50,78
0,0,0,39,209
0,0,0,55,0
0,1,0,43,328
0,0,0,34,0
1,1,0,51,307
1,0,0,31,1384
0,0,0,32,0
1,0,0,53,719
0,0,0,44,0
1,0,0,36,0
1,0,0,30,149
1,1,0,33,-118
0,0,0,27,842
0,0,0,41,1666
1,0,0,29,0
1,0,0,39,0
1,0,0,42,1628
1,1,0,47,51
0,0,0,30,447
1,0,0,34,396
0,0,0,50,0
1,0,0,39,293
1,0,0,36,474
0,0,0,36,0
0,0,0,27,88
1,0,0,29,308
0,0,0,70,1164
1,0,0,55,0
1,0,0,36,-435
1,0,0,28,389
0,0,0,50,356
0,0,0,71,261
0,0,0,31,757
0,0,0,45,16
0,0,0,42,-422
0,0,0,45,248
1,0,0,47,145
0,1,0,60,598
1,0,0,35,949
0,0,0,31,614
1,0,0,33,1209
1,0,0,50,202
1,1,0,34,114
0,1,0,56,-229
1,0,0,29,182
0,0,0,31,401
1,0,0,44,759
0,0,0,35,0
1,1,0,36,629
1,1,0,54,153
1,0,0,32,553
0,0,0,36,1057
1,0,0,60,78
0,1,0,32,-28
0,0,0,57,929
1,0,0,34,428
1,0,0,27,268
0,0,1,52,83
1,0,0,45,998
1,0,0,39,6
1,1,0,48,312
0,0,0,36,0
1,0,0,31,691
1,0,0,41,771
0,0,0,30,192
0,0,0,57,0
1,0,1,29,1070
1,0,1,29,84
0,0,0,30,2
1,0,0,44,1242
0,0,1,26,1347
0,0,0,52,64
1,0,0,32,249
0,0,0,36,0
0,0,0,26,128
1,0,0,37,196
1,0,0,34,351
1,0,1,32,38
0,0,0,30,35
1,0,0,27,235
1,0,0,42,30
1,0,0,33,92
0,0,0,37,67
1,0,0,39,0
0,0,0,33,349
1,1,0,49,167
0,0,0,46,558
1,1,0,31,-230
1,0,1,30,239
0,0,0,43,497
1,0,0,42,179
0,0,1,30,305
1,0,0,33,-67
1,0,0,29,770
1,0,0,38,-673
1,0,0,29,858
0,0,1,80,0
1,0,0,36,117
0,0,0,38,846
1,0,0,44,0
0,0,1,31,1331
1,1,0,31,31
1,0,0,57,179
1,0,0,37,543
1,1,0,50,253
1,0,0,48,1738
1,0,0,42,-97
1,0,0,36,199
1,0,0,43,489
1,1,0,31,355
1,0,0,49,-97
0,1,0,35,473
0,0,0,34,263
0,0,0,46,781
1,0,0,49,1032
0,0,0,32,119
1,0,0,35,434
1,0,0,57,-331
0,0,0,59,1585
0,0,0,49,588
0,1,0,35,0
1,0,0,29,-76
1,0,1,32,152
1,0,0,37,1040
1,0,0,49,-384
1,0,0,45,473
1,0,0,34,475
0,0,0,53,0
0,0,0,42,149
0,0,0,52,424
0,1,0,34,79
1,0,1,34,674
1,0,1,27,0
1,0,0,43,58
1,0,0,41,532
1,0,0,35,422
1,0,0,41,437
1,0,1,36,-308
1,0,0,51,30
0,0,0,37,137
1,1,1,42,-247
1,0,0,26,321
1,0,0,23,250
1,0,0,50,-470
1,1,0,37,140
0,0,0,37,410
0,0,0,39,116
1,0,0,47,0
1,0,0,44,878
1,0,0,42,96
1,0,0,31,472
0,0,0,58,65
0,0,0,46,0
1,0,0,41,400
0,1,0,33,137
1,0,0,31,24
1,0,0,38,311
0,0,0,55,139
0,0,0,47,0
1,0,0,51,492
1,0,0,46,334
0,0,1,61,997
0,0,0,47,440
0,0,0,34,47
1,0,0,34,1298
0,0,0,36,-11
1,0,0,26,396
0,0,1,35,8
0,0,0,36,1409
0,0,1,26,170
1,0,0,61,76
0,0,1,74,921
1,0,0,53,483
1,0,0,46,390
0,0,1,47,0
0,0,0,42,92
0,0,0,42,2
1,0,0,49,249
0,0,1,66,206
0,0,0,38,0
1,0,0,31,1664
0,0,0,34,37
0,0,0,28,28
1,0,0,40,1670
0,0,0,36,134
0,1,0,52,603
1,1,0,46,276
1,0,0,52,161
0,1,0,26,-402
0,0,0,35,1732
1,0,0,40,263
1,0,0,31,623
1,0,1,33,95
1,0,1,53,765
1,0,1,46,-824
1,0,0,31,191
1,0,0,44,420
0,0,0,35,0
1,1,0,32,4
1,1,0,51,423
1,1,0,51,-892
1,0,0,31,-120
1,0,0,41,-365
1,0,0,47,-938
1,0,0,47,1139
1,0,0,36,189
0,0,1,29,19
0,0,0,53,0
1,0,0,47,-614
1,0,0,48,425
0,0,0,36,608
1,1,1,50,341
1,0,1,39,607
1,1,0,31,1495
0,0,0,49,381
0,0,0,33,385
1,0,0,26,1274
1,0,0,27,362
1,0,0,51,377
0,0,0,26,802
0,0,0,45,194
0,1,1,54,-315
0,0,0,47,-9
0,1,0,42,83
1,0,0,50,433
1,0,0,37,-107
1,0,0,40,51
0,1,0,50,961
1,1,0,57,49
1,0,0,49,-147
1,0,0,35,0
1,0,0,28,0
0,0,0,58,172
0,1,0,31,-407
0,0,0,36,649
0,0,0,49,1040
1,0,0,30,142
1,0,0,29,209
0,0,1,26,294
1,0,0,32,1670
0,0,0,62,367
0,0,0,25,1420
1,0,0,34,340
0,0,1,44,1679
1,0,0,38,1198
0,0,0,57,169
0,0,0,36,506
1,0,0,41,1249
0,1,0,36,678
1,0,0,27,212
0,0,0,37,23
1,0,1,31,459
1,0,0,35,1555
1,0,0,40,61
1,0,0,38,0
0,0,1,36,1177
0,0,0,59,748
1,0,0,52,395
1,0,0,55,1011
1,0,0,56,420
1,0,0,32,76
0,0,0,24,0
1,0,0,51,844
1,0,0,36,1318
1,0,0,36,167
1,0,0,36,80
0,0,1,30,569
0,1,0,27,0
1,0,0,38,0
0,0,1,36,12
0,0,0,45,49
0,0,0,44,460
1,0,0,42,613
1,0,0,48,1143
1,0,0,57,-464
1,1,0,48,17
0,0,0,56,-1
1,0,0,37,1698
0,0,0,54,0
0,0,1,51,1679
1,1,1,25,-242
0,0,0,39,471
0,0,0,38,1704
1,0,0,32,162
1,0,0,35,243
1,0,0,58,0
1,0,0,45,1757
1,0,0,55,171
1,1,0,42,157
1,0,0,28,934
0,1,0,48,-19
1,0,0,51,-55
0,0,0,38,21
0,0,0,27,14
1,0,0,50,246
1,0,0,44,887
0,0,0,40,51
1,0,0,29,-287
1,0,0,34,0
0,0,0,50,52
0,0,0,54,22
1,0,0,34,1611
1,1,1,34,18
1,0,0,52,1331
1,0,0,39,835
0,0,0,41,52
1,0,0,40,92
1,1,0,48,586
1,0,0,52,1758
0,0,0,25,959
0,0,0,54,208
1,0,0,34,-315
1,0,0,48,-13
0,0,0,37,801
1,0,0,32,751
1,1,0,45,784
0,0,0,43,24
1,0,0,41,72
1,0,0,44,1378
1,0,0,43,188
1,0,0,32,61
1,0,0,57,-967
1,1,0,31,462
0,0,0,49,0
0,0,0,41,1287
1,0,1,37,0
1,0,0,34,-294
0,0,0,43,275
1,0,0,44,724
0,0,0,44,27
1,0,0,53,26
0,0,0,36,191
0,0,0,58,-123
0,0,0,26,-147
0,0,0,34,179
1,0,0,55,1086
1,0,0,55,471
1,0,0,34,105
1,1,0,41,1588
0,0,1,38,70
1,0,0,41,1602
1,0,0,30,0
0,0,0,39,839
1,1,0,37,547
1,0,0,26,261
1,1,0,43,0
0,0,0,42,-34
1,1,0,31,5
1,0,0,41,1334
0,0,0,45,265
0,1,0,37,487
1,0,0,38,0
1,0,0,36,174
0,0,0,30,57
0,0,0,42,0
0,0,0,71,353
1,1,0,54,448
1,0,1,53,27
0,0,0,33,474
1,0,0,30,1185
1,0,0,39,282
1,0,0,32,2
0,0,0,34,60
1,1,0,33,818
0,0,0,37,47
0,0,0,69,279
1,0,0,52,20
0,0,0,31,360
0,0,0,28,1532
0,0,0,29,1673
1,1,0,28,100
0,0,0,41,0
0,1,0,42,1533
0,0,0,34,296
1,0,0,43,109
0,0,0,32,485
0,0,0,33,125
0,0,0,70,616
0,0,0,53,206
0,0,0,45,-179
1,0,0,31,481
1,0,0,28,12
0,0,0,45,0
1,1,0,51,176
1,0,0,40,257
1,0,0,53,53
1,0,0,31,6
0,0,0,30,562
1,0,0,53,-118
1,0,0,26,565
1,0,0,47,0
0,0,0,51,1612
1,1,0,45,180
1,0,0,35,0
1,0,0,36,876
1,0,0,42,260
1,0,1,32,-53
0,0,1,30,944
1,0,0,43,297
0,0,0,31,969
0,0,0,35,0
1,1,0,26,37
0,1,0,46,410
1,0,0,30,1211
0,0,0,33,71
1,0,0,34,436
1,0,0,48,559
0,0,0,31,1170
0,0,0,46,25
0,0,0,40,1325
0,0,0,39,0
1,1,0,33,647
0,0,1,84,639
1,1,0,40,177
0,0,0,55,236
0,0,0,46,96
0,0,0,43,0
1,0,0,34,250
0,0,0,35,126
1,0,0,57,1621
0,0,1,25,8
1,0,0,32,189
0,0,0,52,316
1,0,0,31,-282
1,0,0,34,-308
0,0,0,42,248
1,0,1,47,126
1,0,1,50,13
1,1,1,30,-393
1,0,0,33,358
0,0,0,56,917
1,0,0,34,1268
1,1,0,33,-163
1,0,0,32,473
1,0,0,37,1063
1,0,0,30,0
1,1,0,29,424
0,0,0,56,802
1,0,0,31,430
1,0,0,51,1069
0,0,0,37,0
0,0,0,42,753
0,0,0,29,358
1,0,0,52,1141
0,0,0,40,1259
0,1,0,30,227
1,0,1,55,538
1,0,0,49,92
1,0,0,42,440
0,1,0,56,800
0,0,0,39,914
0,0,0,30,638
0,0,0,55,159
1,0,0,43,483
0,0,1,53,94
0,0,1,57,1044
0,0,0,39,0
1,0,0,56,401
0,0,0,29,33
1,1,0,38,506
1,0,0,42,344
1,0,0,46,0
1,0,0,31,3
1,0,0,35,221
0,0,0,50,36
1,0,0,42,969
0,0,0,36,760
0,0,0,25,220
1,0,0,27,-148
1,0,1,32,415
1,0,0,57,1341
1,0,0,48,865
1,0,0,34,-566
1,1,0,33,210
1,0,0,26,1275
0,0,0,50,579
0,0,0,31,271
0,0,0,52,0
1,0,0,36,472
1,0,0,43,487
1,0,0,30,699
0,0,0,32,150
1,0,0,31,1130
1,0,0,29,584
0,0,1,32,133
0,0,0,30,868
1,0,1,48,480
0,0,1,34,606
1,0,0,35,603
0,0,0,49,548
1,1,0,36,-872
1,0,0,37,33
1,0,0,37,1689
0,0,0,49,902
1,1,0,44,0
0,0,0,40,260
1,0,0,57,589
1,0,0,39,626
0,1,0,38,0
1,0,0,51,78
1,1,1,30,-522
0,0,0,36,386
0,0,0,53,459
1,0,0,26,-759
1,0,1,33,-416
1,0,0,45,220
1,0,0,32,0
0,0,1,69,426
1,0,0,37,395
1,0,0,45,0
1,0,0,36,-206
1,0,1,62,6
1,0,1,39,687
1,0,1,38,-242
1,0,0,31,582
1,0,0,44,1424
1,0,1,31,92
0,0,1,36,197
1,0,0,45,-547
0,0,0,30,411
1,0,0,34,584
1,1,0,34,997
1,0,0,39,83
1,0,0,32,0
0,0,0,32,0
1,0,0,36,398
1,0,0,35,1145
1,0,1,32,2
1,0,0,33,201
0,0,0,49,563
0,1,0,31,0
0,0,0,42,1331
1,1,0,32,-220
1,0,0,32,48
0,0,0,50,0
1,0,1,25,10
1,0,0,57,162
1,0,0,30,1073
1,0,0,26,1700
1,0,0,50,148
1,0,0,39,0
1,0,0,45,185
0,1,0,37,896
1,0,0,47,1279
1,1,0,50,199
0,0,0,40,99
1,0,0,35,378
0,0,1,53,15
1,1,0,35,147
0,1,0,31,-6
1,0,0,46,435
0,0,1,52,335
0,0,1,34,-251
1,1,0,46,5
1,0,0,54,641
1,0,0,37,0
0,0,0,39,722
0,0,0,44,0
1,0,0,56,1504
0,0,0,40,35
1,1,0,36,895
1,0,0,33,752
1,0,0,42,-246
1,1,0,30,901
0,0,0,33,894
1,1,0,26,592
1,1,0,37,0
0,0,1,59,0
1,0,0,49,371
1,0,0,33,1
1,0,0,46,834
1,0,0,55,298
1,0,0,49,306
1,0,0,51,143
1,0,0,27,186
1,0,0,40,1547
1,0,0,46,1790
1,0,0,30,20
0,0,0,31,1626
0,0,0,37,749
1,0,0,49,51
0,0,0,27,-1
1,0,0,32,-32
0,1,0,22,333
0,1,0,58,-27
1,0,0,33,932
0,0,0,83,0
1,1,0,50,100
1,0,0,53,-626
0,0,0,37,9
0,0,0,55,653
1,1,0,41,293
1,0,0,40,36
1,0,0,48,263
0,1,0,37,105
1,0,0,40,440
0,0,1,73,519
0,0,0,53,225
0,0,0,33,0
1,0,0,51,40
0,0,0,42,364
0,0,0,34,174
1,1,0,32,0
0,0,0,60,225
0,1,1,29,-20
0,0,0,39,36
1,0,0,30,400
0,0,0,31,1214
1,0,0,34,-292
1,0,0,51,1415
1,0,0,38,213
0,0,0,33,296
0,0,0,30,42
0,0,0,40,697
0,0,1,63,1490
0,0,0,33,150
0,0,1,59,0
1,0,0,54,1012
1,0,0,28,317
1,1,0,28,225
1,0,0,29,92
1,0,0,42,-10
1,0,0,31,-617
0,0,0,59,195
1,0,0,41,1172
0,0,0,57,0
0,0,0,43,0
1,0,0,30,-94
0,0,0,26,609
0,1,0,52,4
1,1,0,32,1121
1,0,0,39,355
0,0,1,83,1097
0,1,0,34,436
0,0,0,39,266
1,1,0,30,101
0,0,0,49,1568
0,0,0,41,0
1,0,0,35,305
0,0,0,57,31
1,0,0,29,452
1,0,0,48,5
1,0,1,41,39
0,0,0,39,267
1,0,0,51,463
1,0,1,45,59
1,0,0,28,131
0,0,0,57,107
0,0,0,36,-35
1,0,0,49,230
0,0,0,65,493
1,0,0,26,256
0,0,0,52,-133
1,0,1,32,811
1,1,0,33,302
1,1,0,26,75
1,0,0,45,999
1,0,0,37,260
1,1,0,34,1557
1,1,0,35,505
0,0,0,41,1536
0,0,0,42,0
1,0,0,48,439
0,0,0,45,44
1,0,0,47,295
1,1,0,37,190
1,1,1,40,-17
1,0,0,35,175
0,0,0,36,40
0,1,0,52,98
0,0,0,28,330
1,0,0,39,1506
0,0,0,28,0
0,0,0,31,775
1,0,0,46,258
1,0,0,22,246
1,0,0,44,304
1,0,0,31,360
1,0,0,37,102
1,0,0,50,181
0,0,1,29,572
1,0,0,31,223
1,0,0,40,-396
0,0,0,47,164
1,0,0,33,920
0,0,1,38,623
0,0,0,61,967
1,0,0,43,1577
1,0,0,42,1
0,0,0,36,0
1,0,0,31,1166
1,0,0,29,200
1,0,0,44,-237
1,0,0,43,1335
1,0,0,42,603
0,0,0,32,577
1,0,0,43,0
1,0,0,39,163
1,0,0,23,1158
0,0,0,43,642
1,0,0,46,466
1,0,0,31,119
1,0,0,53,238
1,0,0,37,378
0,0,0,49,32
0,0,0,31,315
1,0,0,35,0
1,1,0,32,309
1,0,0,28,0
1,0,1,26,668
1,0,0,48,1175
0,0,0,30,363
0,0,0,31,38
1,0,0,31,1183
0,0,0,45,942
1,0,0,34,297
1,1,0,42,-91
0,1,1,60,362
1,1,1,42,1080
1,0,1,32,620
0,0,0,42,-166
1,0,0,33,288
1,1,0,42,642
1,0,0,36,566
1,0,1,46,668
1,0,0,40,1100
0,0,0,49,322
1,0,0,38,1205
1,0,0,32,473
1,0,0,33,-333
0,0,0,57,295
0,0,0,28,1137
1,1,0,44,1136
